185 35
80 59
113 151
173 16
156 60
77 85
106 39
182 100
40 25
114 41
106 65
4 38
85 193
18 181
123 106
29 65
182 71
70 172
145 49
49 74
35 133
21 103
148 138
196 119
56 120
199 79
39 176
169 35
134 188
30 120
198 126
10 89
14 34
17 15
194 17
170 35
9 39
3 189
164 28
172 42
163 162
138 196
4 103
140 33
157 188
89 139
173 53
114 35
68 54
169 170
150 29
141 33
17 163
99 41
73 70
25 40
184 106
99 120
116 82
17 52
162 147
147 163
29 17
16 71
172 11
86 65
124 155
28 33
100 58
167 47
46 58
42 153
108 23
104 186
200 187
92 146
33 133
86 109
135 143
193 50
40 17
98 155
26 13
100 75
132 142
135 109
32 101
73 35
134 135
4 133
188 139
43 10
80 56
105 88
106 18
185 186
124 71
187 59
37 113